# time	rate	err	exposure
297029408.88503	6.9771	0.2899	100.00
297029508.88503	6.8594	0.2915	100.00
297029608.88503	7.0431	0.2930	100.00
297029708.88503	7.4409	0.3057	100.00
297029808.88503	6.9688	0.3083	100.00
297029908.88503	7.1502	0.2952	100.00
297030008.88503	7.7217	0.3147	100.00
297030108.88503	8.1181	0.3157	100.00
297030208.88503	7.8035	0.3127	100.00
297030308.88503	8.3312	0.3200	100.00
297030408.88503	7.6128	0.3078	100.00
297030508.88503	7.9830	0.3211	100.00
297030608.88503	8.3501	0.3245	100.00
297030708.88503	7.7424	0.3213	100.00
297030808.88503	8.1840	0.3125	100.00
297030908.88503	8.1603	0.3199	100.00
297031008.88503	7.6414	0.3049	100.00
297031108.88503	7.9424	0.3086	100.00
297031208.88503	7.5117	0.2995	100.00
297031308.88503	8.0321	0.3175	100.00
297031408.88503	8.4007	0.3173	100.00
297031508.88503	7.8566	0.3085	100.00
297031608.88503	7.5718	0.3217	100.00
297031708.88503	7.4102	0.2987	100.00
297031808.88503	7.2028	0.3101	100.00
297031908.88503	6.9331	0.3015	100.00
297032008.88503	7.8735	0.3172	100.00
297032108.88503	7.2081	0.3020	100.00
297032308.88503	7.6260	0.3283	100.00
297032408.88503	6.9775	0.3427	100.00
297032508.88503	6.9459	0.3062	100.00
297032608.88503	6.4056	0.2822	100.00
297032708.88503	7.3341	0.3015	100.00
297032808.88503	6.7791	0.2887	100.00
297032908.88503	6.2988	0.2848	100.00
297033008.88503	6.9402	0.2924	100.00
297033108.88503	7.3051	0.2957	100.00
297033208.88503	7.2874	0.3084	100.00
297033308.88503	7.2806	0.3053	100.00
297033408.88503	7.8752	0.3084	100.00
297033508.88503	8.2220	0.3199	100.00
297033608.88503	8.5441	0.3174	100.00
297033708.88503	7.9695	0.3143	100.00
297033808.88503	8.2960	0.3201	100.00
297033908.88503	7.3823	0.3090	100.00
297034008.88503	7.6361	0.3092	100.00
297034108.88503	7.8009	0.3177	100.00
297034208.88503	8.0874	0.3233	100.00
297034308.88503	8.0913	0.3164	100.00
297034408.88503	7.3837	0.3023	100.00
297034508.88503	7.3492	0.2989	100.00
297034608.88503	7.7007	0.3106	100.00
297034708.88503	7.6072	0.3147	100.00
297034808.88503	7.8082	0.3229	100.00
297034908.88503	7.4654	0.3121	100.00
297035008.88503	7.7074	0.3079	100.00
297035108.88503	7.9660	0.3112	100.00
297035208.88503	7.9514	0.3179	100.00
297035308.88503	7.9291	0.3095	100.00
297035408.88503	7.3824	0.3078	100.00
297035508.88503	7.0379	0.2985	100.00
297035608.88503	8.2917	0.3172	100.00
297035708.88503	8.1219	0.3140	100.00
297035808.88503	7.8855	0.3074	100.00
297035908.88503	7.1265	0.2995	100.00
297036008.88503	7.4537	0.3083	100.00
297036108.88503	7.0625	0.3048	100.00
297036208.88503	6.7216	0.2866	100.00
297036308.88503	6.6277	0.2871	100.00
297036408.88503	7.3418	0.3008	100.00
297036508.88503	6.9258	0.3020	100.00
297036608.88503	7.8171	0.3122	100.00
297036708.88503	6.9221	0.3049	100.00
297036808.88503	6.7751	0.2893	100.00
297036908.88503	6.8557	0.3084	100.00
297037008.88503	6.8353	0.2959	100.00
297037108.88503	7.0659	0.3013	100.00
297037208.88503	6.0363	0.2686	100.00
297037308.88503	6.5873	0.2872	100.00
297037408.88503	6.7840	0.2843	100.00
297037508.88503	7.1661	0.3035	100.00
297037608.88503	7.8971	0.3096	100.00
297037708.88503	7.7557	0.3067	100.00
297037808.88503	7.3793	0.2974	100.00
297037908.88503	7.4023	0.2964	100.00
297038008.88503	7.3638	0.3142	100.00
297038108.88503	8.1268	0.3157	100.00
297038208.88503	7.4135	0.3062	100.00
297038308.88503	7.9252	0.3142	100.00
297038408.88503	7.9066	0.3136	100.00
297038508.88503	7.3411	0.3064	100.00
297038608.88503	7.3271	0.3027	100.00
297038708.88503	7.2026	0.3033	100.00
297038808.88503	6.9451	0.2888	100.00
297038908.88503	7.4511	0.3048	100.00
297039008.88503	6.7199	0.2964	100.00
297039108.88503	7.5638	0.3088	100.00
297039208.88503	8.3494	0.3217	100.00
297039308.88503	8.2548	0.3203	100.00
297039408.88503	7.6426	0.3143	100.00
297039508.88503	7.3793	0.3056	100.00
297039608.88503	7.2586	0.3089	100.00
297039708.88503	7.2509	0.3080	100.00
297039808.88503	7.3623	0.3115	100.00
297039908.88503	6.8285	0.3000	100.00
297040008.88503	6.9191	0.3005	100.00
297040108.88503	5.9927	0.2770	100.00
297040208.88503	6.5171	0.2853	100.00
297040308.88503	6.3703	0.2808	100.00
297040408.88503	6.4369	0.2879	100.00
297040508.88503	6.6493	0.2928	100.00
297040608.88503	7.0824	0.2912	100.00
297040708.88503	6.3243	0.2777	100.00
297040808.88503	6.9252	0.2904	100.00
297040908.88503	6.9770	0.2868	100.00
297041008.88503	7.2328	0.2933	100.00
297041108.88503	7.6291	0.3069	100.00
297041208.88503	7.5856	0.3049	100.00
297041308.88503	7.5515	0.3144	100.00
297041408.88503	7.5175	0.3010	100.00
297041508.88503	6.8689	0.3016	100.00
297041608.88503	6.8362	0.3046	100.00
297041708.88503	7.1353	0.2985	100.00
297041808.88503	6.2792	0.2844	100.00
297041908.88503	7.0987	0.3026	100.00
297042008.88503	6.3216	0.2792	100.00
297042108.88503	6.5003	0.2765	100.00
297042208.88503	6.6033	0.3015	100.00
297042308.88503	6.4066	0.2963	100.00
297042408.88503	6.8260	0.2980	100.00
297042508.88503	7.0245	0.2961	100.00
297042608.88503	6.7000	0.2931	100.00
297042708.88503	7.3226	0.3049	100.00
297042808.88503	7.4246	0.3002	100.00
297042908.88503	7.5911	0.3068	100.00
297043008.88503	7.7655	0.3189	100.00
297043108.88503	7.1408	0.2950	100.00
297043208.88503	7.1394	0.3015	100.00
297043308.88503	7.4603	0.3121	100.00
297043408.88503	7.8174	0.3194	100.00
297043508.88503	6.8288	0.2928	100.00
297043608.88503	6.9305	0.2937	100.00
297043708.88503	6.8283	0.2883	100.00
297043808.88503	6.7147	0.2907	100.00
297043908.88503	6.5097	0.2877	100.00
297044008.88503	5.9758	0.2718	100.00
297044108.88503	6.3433	0.3000	100.00
297044208.88503	6.3059	0.2787	100.00
297044308.88503	6.1375	0.2778	100.00
297044408.88503	6.4319	0.2822	100.00
297044508.88503	6.1293	0.2794	100.00
297044608.88503	6.5787	0.2965	100.00
297044708.88503	6.5410	0.2993	100.00
297044808.88503	6.3924	0.2866	100.00
297044908.88503	5.6306	0.2724	100.00
297045008.88503	5.8284	0.2822	100.00
297045108.88503	6.6485	0.2915	100.00
297045208.88503	5.8974	0.2716	100.00
297045308.88503	6.8427	0.2895	100.00
297045408.88503	7.3536	0.3020	100.00
297045508.88503	7.4283	0.3047	100.00
297045608.88503	6.8141	0.2943	100.00
297045708.88503	6.6713	0.2911	100.00
297045808.88503	7.0795	0.2991	100.00
297045908.88503	6.8852	0.2913	100.00
297046008.88503	6.6457	0.3022	100.00
297046108.88503	6.8897	0.3068	100.00
297046208.88503	7.5681	0.3106	100.00
297046308.88503	7.9796	0.3158	100.00
297046408.88503	7.7578	0.3136	100.00
297046508.88503	6.9664	0.3121	100.00
297046608.88503	8.1811	0.3206	100.00
297046708.88503	7.9133	0.3174	100.00
297046808.88503	8.3716	0.3177	100.00
297046908.88503	7.5085	0.3161	100.00
297047008.88503	7.2127	0.3035	100.00
297047108.88503	8.7817	0.3312	100.00
297047208.88503	8.6855	0.3255	100.00
297047308.88503	7.9945	0.3155	100.00
297047408.88503	8.6444	0.3418	100.00
297047508.88503	8.6219	0.3263	100.00
297047608.88503	8.8469	0.3368	100.00
297047708.88503	9.0161	0.3520	100.00
297047808.88503	8.2321	0.3178	100.00
297047908.88503	8.1888	0.3210	100.00
297048008.88503	8.5322	0.3413	100.00
297048108.88503	8.1618	0.3192	100.00
297048208.88503	7.9657	0.3149	100.00
297048308.88503	8.0206	0.3148	100.00
297048408.88503	8.3729	0.3292	100.00
297048508.88503	8.6156	0.3205	100.00
297048608.88503	8.0401	0.3241	100.00
297048708.88503	7.0756	0.2902	100.00
297048808.88503	6.9773	0.3130	100.00
297048908.88503	7.0281	0.2952	100.00
297049008.88503	7.1841	0.2989	100.00
297049108.88503	7.1458	0.3003	100.00
297049208.88503	7.4010	0.3096	100.00
297049308.88503	7.4514	0.3028	100.00
297049408.88503	7.6788	0.3069	100.00
297049508.88503	7.5162	0.3020	100.00
297049608.88503	8.4779	0.3287	100.00
297049708.88503	8.1040	0.3152	100.00
297049808.88503	7.9426	0.3202	100.00
297049908.88503	7.5567	0.3037	100.00
297050008.88503	8.0699	0.3179	100.00
297050108.88503	8.0987	0.3241	100.00
297050208.88503	8.0742	0.3091	100.00
297050308.88503	7.8804	0.3162	100.00
297050408.88503	7.9517	0.3158	100.00
297050508.88503	7.5997	0.3115	100.00
297050608.88503	8.1241	0.3133	100.00
297050708.88503	8.0827	0.3154	100.00
297050808.88503	8.1346	0.3182	100.00
297050908.88503	8.0967	0.3272	100.00
297051008.88503	8.4058	0.3243	100.00
297051108.88503	8.2793	0.3242	100.00
297051208.88503	8.5586	0.3317	100.00
297051308.88503	8.8992	0.3399	100.00
297051408.88503	7.7923	0.3177	100.00
297051508.88503	9.1968	0.3365	100.00
297051608.88503	8.6384	0.3232	100.00
297051708.88503	8.5204	0.3240	100.00
297051808.88503	8.1645	0.3237	100.00
297051908.88503	7.9397	0.3228	100.00
297052008.88503	7.3770	0.3017	100.00
297052108.88503	8.2233	0.3211	100.00
297052208.88503	7.3843	0.3154	100.00
297052308.88503	7.0394	0.3060	100.00
297052408.88503	7.4184	0.3040	100.00
297052508.88503	7.3290	0.3010	100.00
297052608.88503	7.6761	0.3139	100.00
297052708.88503	7.6673	0.3165	100.00
297052808.88503	7.4339	0.3059	100.00
297052908.88503	7.1856	0.3017	100.00
297053008.88503	7.7384	0.3174	100.00
297053108.88503	7.1998	0.2978	100.00
297053208.88503	7.4575	0.2956	100.00
297053308.88503	7.4456	0.2972	100.00
297053408.88503	7.3322	0.3061	100.00
297053508.88503	8.2446	0.3226	100.00
297053608.88503	7.8764	0.3172	100.00
297053708.88503	7.1964	0.3000	100.00
297053808.88503	8.3359	0.3246	100.00
297053908.88503	6.8803	0.2959	100.00
297054008.88503	7.9254	0.3146	100.00
297054108.88503	8.2211	0.3169	100.00
297054208.88503	7.8727	0.3104	100.00
297054308.88503	7.8810	0.3160	100.00
297054408.88503	7.8334	0.3066	100.00
297054508.88503	7.7122	0.3286	100.00
297054608.88503	7.0348	0.2969	100.00
297054708.88503	7.6388	0.3090	100.00
297054808.88503	7.6605	0.3074	100.00
297054908.88503	7.8472	0.3132	100.00
297055008.88503	7.9750	0.3108	100.00
297055108.88503	8.3053	0.3248	100.00
297055208.88503	7.7902	0.3142	100.00
297055308.88503	8.6514	0.3354	100.00
297055408.88503	8.5740	0.3253	100.00
297055508.88503	8.6075	0.3293	100.00
297055608.88503	9.6340	0.3424	100.00
297055708.88503	8.6265	0.3259	100.00
297055808.88503	8.9883	0.3371	100.00
297055908.88503	8.0729	0.3225	100.00
297056008.88503	8.9702	0.3332	100.00
297056108.88503	8.3566	0.3235	100.00
297056208.88503	7.7275	0.3191	100.00
297056308.88503	8.6656	0.3216	100.00
297056408.88503	7.4811	0.3001	100.00
297056508.88503	7.8527	0.3122	100.00
297056608.88503	7.8506	0.3077	100.00
297056708.88503	8.0177	0.3203	100.00
297056808.88503	7.6699	0.3156	100.00
297056908.88503	7.1094	0.3044	100.00
297057008.88503	7.2980	0.2992	100.00
297057108.88503	7.1291	0.3147	100.00
297057208.88503	7.1607	0.2939	100.00
297057308.88503	6.6256	0.2916	100.00
297057408.88503	7.4010	0.3000	100.00
297057508.88503	7.1380	0.2938	100.00
297057608.88503	7.4315	0.3003	100.00
297057708.88503	6.9902	0.2989	100.00
297057808.88503	7.5920	0.3038	100.00
297057908.88503	6.8346	0.3004	100.00
297058008.88503	7.0568	0.2999	100.00
297058108.88503	7.3442	0.3027	100.00
297058208.88503	7.6873	0.3071	100.00
297058308.88503	8.4900	0.3263	100.00
297058408.88503	7.8262	0.3151	100.00
297058508.88503	8.3086	0.3261	100.00
297058608.88503	8.2066	0.3159	100.00
297058708.88503	7.9915	0.3229	100.00
297058808.88503	8.1380	0.3250	100.00
297058908.88503	8.1944	0.3226	100.00
297059008.88503	8.6601	0.3250	100.00
297059108.88503	8.7628	0.3367	100.00
297059208.88503	8.8459	0.3322	100.00
297059308.88503	8.0637	0.3237	100.00
297059408.88503	8.9192	0.3314	100.00
297059508.88503	8.7039	0.3234	100.00
297059608.88503	8.4525	0.3390	100.00
297059708.88503	8.8212	0.3359	100.00
297059808.88503	8.3636	0.3350	100.00
297059908.88503	8.6637	0.3252	100.00
297060008.88503	9.3984	0.3331	100.00
297060108.88503	8.4094	0.3306	100.00
297060208.88503	8.0405	0.3136	100.00
297060308.88503	7.5445	0.3049	100.00
297060408.88503	7.5271	0.3077	100.00
297060508.88503	7.8343	0.3154	100.00
297060608.88503	7.0477	0.2936	100.00
297060708.88503	7.4176	0.3030	100.00
297060808.88503	6.8241	0.2933	100.00
297060908.88503	7.0157	0.3006	100.00
297061008.88503	7.9006	0.3126	100.00
297061108.88503	8.5973	1.7239	100.00
297061208.88503	7.3122	0.3414	100.00
297061408.88503	5.2337	1.1501	100.00
297061508.88503	8.1020	0.3155	100.00
297061608.88503	7.5132	0.3076	100.00
297061708.88503	6.8426	0.2902	100.00
297061808.88503	7.4048	0.3020	100.00
297061908.88503	7.3984	0.3035	100.00
297062008.88503	7.0254	0.3170	100.00
297062108.88503	7.1433	0.3004	100.00
297062208.88503	7.4591	0.3061	100.00
297062308.88503	7.3053	0.3011	100.00
297062408.88503	8.0171	0.3278	100.00
297062508.88503	7.8798	0.3420	100.00
297062608.88503	8.3008	0.3492	100.00
297062708.88503	7.3927	0.3643	100.00
297062808.88503	8.0837	0.3242	100.00
297062908.88503	8.3832	0.3202	100.00
297063008.88503	8.3843	0.3268	100.00
297063108.88503	8.2100	0.3257	100.00
297063208.88503	8.1821	0.3109	100.00
297063308.88503	8.4204	0.3334	100.00
297063408.88503	7.9277	0.3316	100.00
297063908.88503	8.7981	1.7112	100.00
297064008.88503	8.2762	0.3240	100.00
297064508.88503	6.6489	0.3346	100.00
297064608.88503	9.0746	1.7007	100.00
297064708.88503	6.9637	0.2979	100.00
297064808.88503	6.7623	0.3017	100.00
297064908.88503	7.3880	0.3098	100.00
297065008.88503	7.6232	0.3076	100.00
297065108.88503	7.8079	0.3137	100.00
297065208.88503	8.0594	0.3164	100.00
297065308.88503	7.4031	0.3017	100.00
297065408.88503	7.5530	0.3117	100.00
297065508.88503	7.3398	0.3187	100.00
297065608.88503	7.6611	0.3175	100.00
297065708.88503	7.5031	0.3110	100.00
297065808.88503	7.2099	0.3136	100.00
297066008.88503	6.6053	2.0901	100.00
297066108.88503	7.8638	0.3147	100.00
297066708.88503	11.6167	1.9326	100.00
297066808.88503	8.9569	0.3322	100.00
297066908.88503	8.8125	0.3352	100.00
297067008.88503	8.5434	0.3264	100.00
297067108.88503	8.2416	0.3164	100.00
297067208.88503	8.5012	0.3364	100.00
297067408.88503	10.8884	1.8219	100.00
297067508.88503	9.5620	0.3423	100.00
297067608.88503	8.4662	0.3240	100.00
297067708.88503	8.4654	0.3362	100.00
297067908.88503	6.7634	1.2838	100.00
297068008.88503	8.4540	0.3257	100.00
297068108.88503	8.4068	0.3272	100.00
297068208.88503	8.4921	0.3191	100.00
297068308.88503	8.3741	0.3341	100.00
297068408.88503	8.5585	0.3210	100.00
297068508.88503	8.2605	0.3220	100.00
297068608.88503	7.9976	0.3176	100.00
297068708.88503	7.4832	0.3087	100.00
297068808.88503	7.7101	0.3260	100.00
297068908.88503	7.9707	0.3197	100.00
297069008.88503	7.5303	0.3067	100.00
297069108.88503	7.3430	0.3022	100.00
297069208.88503	7.6392	0.3130	100.00
297069308.88503	7.5842	0.3041	100.00
297069408.88503	7.1061	0.2944	100.00
297069508.88503	7.1555	0.2973	100.00
297069608.88503	7.9516	0.3141	100.00
297069708.88503	7.3881	0.3035	100.00
297069808.88503	7.7507	0.3113	100.00
297069908.88503	8.2363	0.3194	100.00
297070008.88503	8.7624	0.3287	100.00
297070108.88503	8.0277	0.3140	100.00
297070208.88503	8.2668	0.3303	100.00
297070308.88503	8.3901	0.3182	100.00
297070408.88503	7.8235	0.3215	100.00
297070508.88503	8.2807	0.3136	100.00
297070608.88503	7.9963	0.3170	100.00
297070708.88503	7.7252	0.3183	100.00
297070808.88503	7.7286	0.3192	100.00
297070908.88503	7.9683	0.3191	100.00
297071008.88503	7.7801	0.3323	100.00
297071108.88503	8.9298	0.3453	100.00
297071208.88503	8.3236	0.3156	100.00
297071308.88503	8.4383	0.3187	100.00
297071408.88503	8.4272	0.3210	100.00
297071508.88503	8.9905	0.3297	100.00
297071608.88503	8.2112	0.3312	100.00
297071708.88503	7.7160	0.3101	100.00
297071808.88503	8.4259	0.3242	100.00
297071908.88503	8.2668	0.3191	100.00
297072008.88503	8.1615	0.3142	100.00
297072108.88503	7.8748	0.3205	100.00
297072208.88503	7.0176	0.2931	100.00
297072308.88503	8.3642	0.3178	100.00
297072408.88503	7.3617	0.3037	100.00
297072508.88503	7.2673	0.2990	100.00
297072608.88503	7.4103	0.3147	100.00
297072708.88503	7.3137	0.2940	100.00
297072808.88503	7.2727	0.3048	100.00
297072908.88503	7.0466	0.3083	100.00
297073008.88503	6.8216	0.2969	100.00
297073108.88503	6.9922	0.3030	100.00
297073208.88503	7.3820	0.3153	100.00
297073308.88503	7.5134	0.3062	100.00
297073408.88503	6.3478	0.2888	100.00
297073508.88503	7.6286	0.3087	100.00
297073608.88503	7.0905	0.3109	100.00
297073708.88503	7.3930	0.2997	100.00
297073808.88503	7.3028	0.2951	100.00
297073908.88503	6.9644	0.2896	100.00
297074008.88503	7.1226	0.2966	100.00
297074108.88503	6.8730	0.2944	100.00
297074208.88503	6.9175	0.2859	100.00
297074308.88503	6.7014	0.2930	100.00
297074408.88503	7.3113	0.3037	100.00
297074508.88503	8.1587	0.3236	100.00
297074608.88503	7.6113	0.3079	100.00
297074708.88503	7.8478	0.3184	100.00
297074808.88503	7.8416	0.3196	100.00
297074908.88503	6.7912	0.2972	100.00
297075008.88503	7.1514	0.3059	100.00
297075108.88503	7.1074	0.3059	100.00
297075208.88503	6.7883	0.3006	100.00
297075308.88503	6.6346	0.2913	100.00
297075408.88503	6.5992	0.2862	100.00
297075508.88503	6.5024	0.2964	100.00
297075608.88503	6.4744	0.2900	100.00
297075708.88503	6.5655	0.2937	100.00
297075808.88503	6.4685	0.2872	100.00
297075908.88503	6.5814	0.2905	100.00
297076008.88503	6.5896	0.2846	100.00
297076108.88503	6.4248	0.2814	100.00
297076208.88503	5.5482	0.2557	100.00
297076308.88503	5.7878	0.2670	100.00
297076408.88503	5.6157	0.2639	100.00
297076508.88503	5.2005	0.2679	100.00
297076608.88503	5.3091	0.2650	100.00
297076708.88503	5.4586	0.2602	100.00
297076808.88503	6.0307	0.2778	100.00
297076908.88503	5.7721	0.2733	100.00
297077008.88503	6.0091	0.2742	100.00
297077108.88503	6.6368	0.2889	100.00
297077208.88503	6.7812	0.2879	100.00
297077308.88503	6.6949	0.2873	100.00
297077408.88503	7.2481	0.2948	100.00
297077508.88503	6.4414	0.2809	100.00
297077608.88503	7.3396	0.3001	100.00
297077708.88503	6.8895	0.2995	100.00
297077808.88503	6.5185	0.2887	100.00
297077908.88503	6.6983	0.2888	100.00
297078008.88503	6.0280	0.2752	100.00
297078108.88503	6.4727	0.2807	100.00
297078208.88503	6.3277	0.2908	100.00
297078308.88503	7.2685	0.3032	100.00
297078408.88503	7.1460	0.2951	100.00
297078508.88503	6.8670	0.3027	100.00
297078608.88503	6.7299	0.2931	100.00
297078708.88503	7.0556	0.2949	100.00
297078808.88503	6.1958	0.2751	100.00
297078908.88503	6.1241	0.2932	100.00
297079008.88503	6.8796	0.3040	100.00
297079108.88503	6.7253	0.2880	100.00
297079208.88503	6.8592	0.2931	100.00
297079308.88503	5.8686	0.2766	100.00
297079408.88503	6.2751	0.2860	100.00
297079508.88503	6.2082	0.2842	100.00
297079608.88503	6.0487	0.2869	100.00
297079708.88503	5.9950	0.2699	100.00
297079808.88503	6.1481	0.2818	100.00
297079908.88503	6.0475	0.2855	100.00
297080008.88503	6.4661	0.2811	100.00
297080108.88503	6.1838	0.2792	100.00
297080208.88503	6.3731	0.2932	100.00
297080308.88503	6.6223	0.2872	100.00
297080408.88503	5.4350	0.2668	100.00
297080508.88503	6.3530	0.2909	100.00
297080708.88503	6.6667	1.2173	100.00
297080808.88503	6.3747	0.3295	100.00
297080908.88503	6.9782	0.3012	100.00
297081008.88503	7.4528	0.3075	100.00
297081108.88503	7.2685	0.2979	100.00
297081208.88503	7.0107	0.2915	100.00
297081308.88503	7.8766	0.3197	100.00
297081408.88503	7.8667	0.3178	100.00
297081508.88503	8.2125	0.3185	100.00
297081608.88503	7.5642	0.3034	100.00
297081708.88503	7.6671	0.3173	100.00
297081808.88503	8.3480	0.3212	100.00
297081908.88503	8.1195	0.3241	100.00
297082008.88503	8.7007	0.3222	100.00
297082108.88503	6.5124	0.2911	100.00
297082208.88503	6.2859	0.2826	100.00
297082308.88503	6.8157	0.2914	100.00
297082408.88503	7.0597	0.3010	100.00
297082508.88503	6.8264	0.2922	100.00
297082608.88503	7.6338	0.3106	100.00
297082708.88503	6.7119	0.2912	100.00
297082808.88503	6.8667	0.2965	100.00
297082908.88503	7.4771	0.3242	100.00
297083008.88503	7.3074	0.3032	100.00
297083108.88503	6.9136	0.2999	100.00
297083208.88503	7.1966	0.3023	100.00
297083308.88503	7.3888	0.3143	100.00
297083408.88503	8.0106	0.3162	100.00
297083508.88503	7.9013	0.3159	100.00
297083608.88503	8.1527	0.3153	100.00
297083708.88503	7.4768	0.3042	100.00
297083808.88503	8.1857	0.3190	100.00
297083908.88503	8.0298	0.3218	100.00
297084008.88503	8.3505	0.3526	100.00
297084108.88503	9.0977	0.3405	100.00
297084208.88503	9.3814	0.3319	100.00
297084308.88503	8.8535	0.3338	100.00
297084408.88503	8.7752	0.3251	100.00
297084508.88503	8.7517	0.3220	100.00
297084608.88503	9.0920	0.3327	100.00
297084708.88503	8.5052	0.3291	100.00
297084808.88503	8.8074	0.3337	100.00
297084908.88503	9.2134	0.3430	100.00
297085008.88503	8.8075	0.3484	100.00
297085108.88503	8.3376	0.3234	100.00
297085208.88503	8.7731	0.3363	100.00
297085308.88503	8.8706	0.3348	100.00
297085408.88503	10.1123	0.3622	100.00
297085508.88503	9.1449	0.3289	100.00
297085608.88503	8.1234	0.3273	100.00
297085708.88503	9.5798	0.3451	100.00
297085808.88503	8.7771	0.3270	100.00
297085908.88503	8.8470	0.3361	100.00
297086008.88503	7.8170	0.3191	100.00
297086108.88503	8.3682	0.3284	100.00
297086208.88503	8.2141	0.3130	100.00
297086308.88503	7.3521	0.3008	100.00
297086408.88503	7.5207	0.3107	100.00
297086508.88503	7.7693	0.3182	100.00
297086608.88503	8.2433	0.3206	100.00
297086708.88503	7.4546	0.3138	100.00
297086808.88503	7.6156	0.3177	100.00
297086908.88503	7.1953	0.2981	100.00
297087008.88503	7.2468	0.3034	100.00
297087108.88503	7.8228	0.3218	100.00
297087208.88503	7.7791	0.3098	100.00
297087308.88503	7.5400	0.3044	100.00
297087408.88503	7.5771	0.3147	100.00
297087508.88503	8.2447	0.3233	100.00
297087608.88503	8.5212	0.3350	100.00
297087708.88503	7.7728	0.3077	100.00
297087808.88503	7.4748	0.3149	100.00
297087908.88503	7.8886	0.3141	100.00
297088008.88503	7.9447	0.3130	100.00
297088108.88503	7.6303	0.3097	100.00
297088208.88503	7.7299	0.3165	100.00
297088308.88503	8.5729	0.3264	100.00
297088408.88503	7.7048	0.3209	100.00
297088508.88503	8.7512	0.3347	100.00
297088608.88503	8.5953	0.3225	100.00
297088708.88503	8.4846	0.3274	100.00
297088808.88503	9.0742	0.3403	100.00
297088908.88503	8.4123	0.3262	100.00
297089008.88503	8.4250	0.3343	100.00
297089108.88503	8.5863	0.3240	100.00
297089208.88503	8.4117	0.3241	100.00
297089308.88503	8.1420	0.3140	100.00
297089408.88503	8.4206	0.3283	100.00
297089508.88503	8.0466	0.3731	100.00
297089608.88503	8.1527	0.3226	100.00
297089708.88503	7.7302	0.3221	100.00
297089808.88503	8.8792	0.3247	100.00
297089908.88503	7.8814	0.3128	100.00
297090008.88503	8.2972	0.3223	100.00
297090108.88503	8.2137	0.3177	100.00
297090208.88503	8.5300	0.3297	100.00
297090308.88503	7.6765	0.3081	100.00
297090408.88503	7.4332	0.3133	100.00
297090508.88503	6.8179	0.2930	100.00
297090608.88503	7.6412	0.3108	100.00
297090708.88503	7.3289	0.3092	100.00
297090808.88503	7.0846	0.2940	100.00
297090908.88503	6.6392	0.2957	100.00
297091008.88503	7.2825	0.3082	100.00
297091108.88503	7.0144	0.3018	100.00
297091208.88503	7.5766	0.3193	100.00
297091308.88503	6.3342	0.2953	100.00
297091408.88503	7.2490	0.3031	100.00
297091508.88503	6.9327	0.2907	100.00
297091608.88503	7.6203	0.3139	100.00
297091708.88503	6.9788	0.2957	100.00
297091808.88503	6.9880	0.2877	100.00
297091908.88503	7.3823	0.3071	100.00
297092008.88503	7.3300	0.2947	100.00
297092108.88503	7.4101	0.3043	100.00
297092208.88503	7.0970	0.2944	100.00
297092308.88503	7.1233	0.3007	100.00
297092408.88503	7.8832	0.3172	100.00
297092508.88503	8.1510	0.3281	100.00
297092608.88503	7.8588	0.3166	100.00
297092708.88503	7.6890	0.3109	100.00
297092808.88503	7.3945	0.3086	100.00
297092908.88503	7.1378	0.3103	100.00
297093008.88503	7.7140	0.3100	100.00
297093108.88503	7.0862	0.2966	100.00
297093208.88503	7.4427	0.3023	100.00
297093308.88503	8.1400	0.3157	100.00
297093408.88503	8.0575	0.3176	100.00
297093508.88503	7.8188	0.3210	100.00
297093608.88503	7.8051	0.3103	100.00
297093708.88503	7.6646	0.3207	100.00
297093808.88503	8.2267	0.3170	100.00
297093908.88503	8.5536	0.3321	100.00
297094008.88503	7.3397	0.2965	100.00
297094108.88503	7.3634	0.3020	100.00
297094208.88503	7.5615	0.3073	100.00
297094308.88503	6.7993	0.2829	100.00
297094408.88503	6.6765	0.2943	100.00
297094508.88503	7.1914	0.3007	100.00
297094608.88503	6.7886	0.2914	100.00
297094708.88503	7.1693	0.2970	100.00
297094808.88503	6.2961	0.2859	100.00
297094908.88503	7.2660	0.3091	100.00
297095008.88503	7.3139	0.3104	100.00
297095108.88503	6.9278	0.2924	100.00
297095208.88503	7.2423	0.2997	100.00
297095308.88503	6.3867	0.2927	100.00
297095408.88503	6.8584	0.2994	100.00
297095508.88503	6.9909	0.2992	100.00
297095608.88503	7.0496	0.3104	100.00
297095708.88503	7.5573	0.3085	100.00
297095808.88503	7.7409	0.3103	100.00
297095908.88503	7.9486	0.3110	100.00
297096008.88503	7.3231	0.3001	100.00
297096108.88503	7.0145	0.3005	100.00
297096208.88503	7.9030	0.3087	100.00
297096308.88503	8.0890	0.3135	100.00
297096408.88503	6.9239	0.3023	100.00
297096508.88503	7.5977	0.3183	100.00
297096608.88503	6.8300	0.9954	100.00
297096708.88503	7.0539	0.3069	100.00
297097108.88503	7.8518	1.1125	100.00
297097208.88503	7.1087	0.2980	100.00
297097308.88503	7.6233	0.3170	100.00
297097408.88503	7.8962	0.3107	100.00
297097508.88503	7.1477	0.2956	100.00
297097608.88503	6.7082	0.2912	100.00
297097708.88503	7.2614	0.2938	100.00
297097808.88503	7.3643	0.3034	100.00
297097908.88503	6.6008	0.2901	100.00
297098008.88503	7.1304	0.2900	100.00
297098108.88503	6.7383	0.2963	100.00
297098208.88503	7.0183	0.3021	100.00
297098308.88503	6.8583	0.3078	100.00
297098408.88503	7.1088	0.2934	100.00
297098508.88503	6.9781	0.2932	100.00
297098608.88503	5.9509	0.2788	100.00
297098708.88503	5.9966	0.2853	100.00
297098808.88503	6.8178	0.2962	100.00
297098908.88503	6.8542	0.2996	100.00
297099008.88503	6.6950	0.2898	100.00
297099108.88503	6.9273	0.3011	100.00
297099208.88503	7.6667	0.3153	100.00
297099308.88503	7.3194	0.3081	100.00
297099408.88503	7.2954	0.3000	100.00
297099508.88503	7.3153	0.3136	100.00
297099608.88503	7.7116	0.3118	100.00
297099708.88503	6.7618	0.2999	100.00
297099808.88503	8.0975	0.3184	100.00
297099908.88503	7.7109	0.3127	100.00
297100008.88503	6.9305	0.3060	100.00
297100108.88503	8.2468	0.3349	100.00
297100208.88503	8.1491	0.3365	100.00
297100308.88503	8.2186	0.3241	100.00
297100408.88503	8.2443	0.3198	100.00
297100508.88503	8.5098	0.3289	100.00
297100608.88503	7.9696	0.3176	100.00
297100708.88503	8.6237	0.3247	100.00
297100808.88503	8.2759	0.3213	100.00
297100908.88503	8.6356	0.3260	100.00
297101008.88503	7.9048	0.3163	100.00
297101108.88503	6.8781	0.2973	100.00
297101208.88503	7.4619	0.2989	100.00
297101308.88503	7.6936	0.3124	100.00
297101408.88503	7.7346	0.3081	100.00
297101508.88503	7.0167	0.2958	100.00
297101608.88503	6.7732	0.2938	100.00
297101708.88503	6.8345	0.2993	100.00
297101808.88503	7.2989	0.3002	100.00
297101908.88503	7.0937	0.3029	100.00
297102008.88503	6.3115	0.2749	100.00
297102108.88503	5.9886	0.2913	100.00
297102208.88503	6.5300	0.2825	100.00
297102308.88503	6.2610	0.2854	100.00
297102408.88503	6.1357	0.2808	100.00
297102508.88503	6.1434	0.2819	100.00
297102608.88503	6.2074	0.2794	100.00
297102708.88503	6.9472	0.2964	100.00
297102808.88503	7.1934	0.2940	100.00
297102908.88503	6.5890	0.3014	100.00
297103008.88503	7.8859	0.3057	100.00
297103108.88503	7.1081	0.3029	100.00
297103208.88503	7.2852	0.3179	100.00
297103308.88503	7.7886	0.3170	100.00
297103408.88503	7.2047	0.3004	100.00
297103508.88503	7.9202	0.3144	100.00
297103608.88503	6.9382	0.3064	100.00
297103708.88503	8.3157	0.3213	100.00
297103808.88503	7.1019	0.3137	100.00
297103908.88503	7.7332	0.3134	100.00
297104008.88503	7.9161	0.3154	100.00
297104108.88503	7.0181	0.2974	100.00
297104208.88503	8.3899	0.3269	100.00
297104308.88503	7.7668	0.3231	100.00
297104408.88503	7.5706	0.3050	100.00
297104508.88503	7.6323	0.3136	100.00
297104608.88503	8.0094	0.3142	100.00
297104708.88503	6.9516	0.2966	100.00
297104808.88503	7.7230	0.3028	100.00
297104908.88503	8.1636	0.3188	100.00
297105008.88503	7.9940	0.3181	100.00
297105108.88503	7.5571	0.3069	100.00
297105208.88503	7.6322	0.3154	100.00
297105308.88503	7.5210	0.3098	100.00
297105408.88503	7.6555	0.3107	100.00
297105508.88503	7.6843	0.3096	100.00
297105608.88503	7.6946	0.3126	100.00
297105708.88503	6.6682	0.2948	100.00
297105808.88503	7.2096	0.3042	100.00
297105908.88503	7.0415	0.3005	100.00
297106008.88503	6.4082	0.2868	100.00
297106108.88503	7.2587	0.3067	100.00
297106208.88503	7.7579	0.3183	100.00
297106308.88503	6.9183	0.3157	100.00
297106408.88503	7.7527	0.3096	100.00
297106508.88503	6.7707	0.2986	100.00
297106608.88503	7.1749	0.3098	100.00
297106708.88503	7.2611	0.2981	100.00
297106808.88503	7.8281	0.3121	100.00
297106908.88503	7.3464	0.3063	100.00
297107008.88503	6.9966	0.2972	100.00
297107108.88503	7.3443	0.2963	100.00
297107208.88503	7.6745	0.3046	100.00
297107308.88503	7.3658	0.3010	100.00
297107408.88503	7.2651	0.3018	100.00
297107508.88503	7.2299	0.3190	100.00
297107608.88503	7.5383	0.3041	100.00
297107708.88503	8.2885	0.3160	100.00
297107808.88503	7.6832	0.3165	100.00
297107908.88503	8.4034	0.3189	100.00
297108008.88503	7.6122	0.3196	100.00
297108108.88503	7.8909	0.3223	100.00
297108208.88503	8.2859	0.3159	100.00
297108308.88503	7.7953	0.3121	100.00
297108408.88503	7.8765	0.3135	100.00
297108508.88503	8.6046	0.3302	100.00
297108608.88503	8.1272	0.3225	100.00
297108708.88503	7.5072	0.2987	100.00
297108808.88503	8.0342	0.3371	100.00
297109408.88503	7.4424	1.0265	100.00
297109508.88503	6.7725	0.2976	100.00
297109608.88503	6.5040	0.2932	100.00
297109708.88503	7.2912	0.2952	100.00
297109808.88503	6.7195	0.2925	100.00
297109908.88503	6.6400	0.2982	100.00
297110008.88503	6.7439	0.2860	100.00
297110108.88503	6.2650	0.2754	100.00
297110208.88503	6.5329	0.2900	100.00
297110308.88503	6.4896	0.2951	100.00
297110408.88503	6.9526	0.2915	100.00
297110508.88503	7.0291	0.2941	100.00
297110608.88503	7.2981	0.3092	100.00
297110708.88503	7.3406	0.3075	100.00
297110808.88503	7.5339	0.3096	100.00
297110908.88503	7.5641	0.3123	100.00
297111008.88503	7.6554	0.3086	100.00
297111108.88503	7.5494	0.3059	100.00
297111208.88503	7.5162	0.3106	100.00
297111308.88503	8.1519	0.3151	100.00
297111408.88503	8.1472	0.3139	100.00
297111508.88503	7.8347	0.3074	100.00
297111608.88503	8.3961	0.3249	100.00
297111708.88503	8.1212	0.3235	100.00
297111808.88503	8.1686	0.3176	100.00
297111908.88503	9.0120	0.3363	100.00
297112008.88503	8.4228	0.3291	100.00
297112108.88503	8.7124	0.3310	100.00
297112208.88503	8.3456	0.3187	100.00
297112308.88503	8.3339	0.3188	100.00
297112408.88503	8.4446	0.3263	100.00
297112508.88503	8.7299	0.3258	100.00
297112608.88503	8.6433	0.3316	100.00
297112708.88503	7.7254	0.3120	100.00
297112808.88503	7.5473	0.3042	100.00
297112908.88503	7.5755	0.3214	100.00
297113008.88503	7.8134	1.0169	100.00
297113108.88503	6.9665	0.2928	100.00
297113208.88503	6.5892	0.3041	100.00
297113308.88503	7.7052	0.3158	100.00
297113408.88503	7.1490	0.2999	100.00
297113508.88503	8.2762	0.3376	100.00
297113608.88503	7.2513	0.3221	100.00
297113708.88503	7.1346	0.3304	100.00
297116608.88503	8.6771	1.0533	100.00
297116708.88503	8.9199	0.3784	100.00
297118308.88503	8.1269	0.9943	100.00
297118408.88503	7.3556	0.3381	100.00
297119008.88503	6.8229	1.1081	100.00
297119108.88503	7.7219	0.3298	100.00
297119208.88503	8.2752	0.3762	100.00
297119408.88503	9.1522	1.0631	100.00
297119508.88503	8.4733	0.3389	100.00
297119608.88503	8.3144	0.3224	100.00
297119708.88503	8.1490	0.3430	100.00
